-2.5 2.5
-2.5 -2.5
2.5 -2.5
2.5 2.5
-0.9255505804046598 -0.2944336181216097
-0.8889005212927941 -0.38250604098365387
-0.36881869093667885 -0.6168748108759301
0.1917936787585357 -0.6252629818344555
0.5874126994175037 -0.28928828516051847
0.8251889552360624 0.014356101351680172
0.6815270285337984 0.663767753638462
-0.35878183911599293 0.6687195482126567
-0.7276626951454614 0.5892372383411217
-0.72543073956662 -0.33114950701025486
0.17905908633407422 -0.33524400891892925
0.49939748595591127 -0.19416947776088797
0.4270599459697859 -0.14306318900685863
0.05995600365709439 0.05189010923330569
-0.3512795666918243 0.17908655508342858
-0.5835464377659924 -0.04169012111422406
-0.32390711660735244 0.14798314500252366
0.04028673763565818 -0.05730621306467084
0.14419307439886392 -0.03574666119293826
0.011872399872659369 0.011442147011016764
