-2.5 2.5
-2.5 -2.5
2.5 -2.5
2.5 2.5
-0.9255505804046598 -0.2944336181216097
-0.8889005212927941 -0.38250604098365387
-0.36881869093667885 -0.6168748108759301
0.1917936787585357 -0.6252629818344555
0.5874126994175037 -0.28928828516051847
0.8251889552360624 0.014356101351680172
0.6815270285337984 0.663767753638462
-0.35878183911599293 0.6687195482126567
-0.7276626951454614 0.5892372383411217
-0.72543073956662 -0.33114950701025486
0.17905908633407422 -0.33524400891892925
0.49939748595591127 -0.19416947776088797
0.4270599459697859 -0.14306318900685863
0.05995600365709439 0.05189010923330569
-0.3512795666918243 0.17908655508342858
-0.5835464377659924 -0.04169012111422406
-0.32390711660735244 0.14798314500252366
0.04028673763565818 -0.05730621306467084
0.14419307439886392 -0.03574666119293826
0.011872399872659369 0.011442147011016764
-2.5 2.5
-2.5 -2.5
2.5 -2.5
2.5 2.5
-0.7957913359395726 0.057126535551737356
-0.7166259058348339 -0.5563036493625698
-0.4775029567388169 -0.8039109310180864
-0.0440802863522617 -0.9943325789985519
0.41757759725409727 -0.8994474183514317
0.6116762352055011 -0.5454617711091192
0.6742060623480092 -0.30784644914959897
0.7237616211688969 -0.041771151557070986
0.7539899363637168 0.3532151267160233
0.0235946647012234 0.8507623104851808
-0.42090811829535474 0.6583326430701324
-0.6139925004708672 0.532082924582274
-0.5728199737592847 -0.4696381368106589
-0.42108668979018704 -0.8221951985526834
0.3430717548307725 -0.4798228038656331
0.6970682049971252 -0.10069798308953772
0.32656789216441995 0.4600180680720193
-0.2353766647495683 0.72323007519426
-0.5681689833898013 0.5489902174334863
-0.5437380227379138 0.23262722264408695
-0.3930302943057744 -0.41680028486168946
-0.20343085202587893 -0.5800040740249268
0.5506946438983112 -0.19893197951236163
0.1745298435095606 0.48363565930124636
-0.1874883163629981 0.5162992843063446
-0.46665293826957904 0.3344871290932709
-0.38678899076544415 -0.2707521290018941
0.22241900819336635 -0.33797344282807973
0.4211351333284679 -0.1890038878428634
0.3949568816127353 0.059065665673932524
0.2580160493117682 0.2750974756858866
-0.15905786581470427 0.3322932400441743
-0.269781230996402 0.046450352673511774
-0.19085554062609214 0.07075694860298187
-0.15124220485979167 -0.012551983541461942
0.14991738811200725 -0.15109697786731632
0.23214641947698328 -0.1311616610321153
0.2710463226458989 0.02145472235722341
0.23528816512174935 0.11762464456959056
-0.005101920182595947 0.30552144356355687
-0.03948996200006895 0.005017226383568089
-0.014142666950297 -0.054784441524288865
0.2301122550160396 -0.09814913208553987
0.2509027347788249 0.01709201559734217
-0.03202948713805364 0.0969254019296786
-0.03599972052306929 0.0689284468767433
0.0015990221271295648 -0.005729421262004918
0.11779622493488888 -0.06211562584945498
0.1332689938006227 -0.03983749799496675
0.00796953580556268 0.01472677612624579
