[
[-0.044753012626882534,0.18609948244165228],
[-0.18413064600425616,0.23630568284395598],
[-0.04196129287077363,0.19286234447696504],
[-0.07802596284197165,-0.25600123866506475],
[0.3855040899682555,0.24579861870123026],
[-0.031577625873969534,-0.12824862863646808],
[-0.14273384366015857,-0.13357970635677682],
[-0.0538970925196862,0.0852284554108986],
[0.08137631174287045,0.2062723889045989],
[-0.25419515379574376,-0.11332092210123428],
[0.04426674779350784,-0.037432506224258234],
[0.005748363000109402,-0.06928391764608417],
[-0.019258939762971352,-0.2078795401107316],
[-0.022836807689543225,-0.18253736516259916],
[0.3892276133215882,0.11318200624543948],
[-0.04439268641494003,0.1889026490769416],
[-0.04359044946784725,0.06370633664916263],
[0.36035361952011524,0.4198580471491012],
[-0.1842694949226472,0.2517916080304407],
[-0.003186348287274756,-6.469737040869287E-4],
[-0.005073901099254396,-0.011690019692707325],
[-0.01622609605830989,-0.061562829174302905],
[-0.010894789323099483,-0.3391076579074318],
[-0.04014657145754462,0.09193653680215214],
[-0.05638067104849758,0.276290435439568],
];