 100     0         100           0
 100  0.02     17.0433     4.42886
 100  0.04     2.87333      1.4482
 100  0.06     1.25333    0.512337
 100  0.08     1.03333    0.179505
 100   0.1     1.00667    0.081377
 100  0.12           1           0
 100  0.14           1           0
 100  0.16           1           0
 100  0.18           1           0
 100   0.2           1           0
 100  0.22           1           0
 100  0.24           1           0
 100  0.26           1           0
 100  0.28           1           0
 100   0.3           1           0
 100  0.32           1           0
 100  0.34           1           0
 100  0.36           1           0
 100  0.38           1           0
 100   0.4           1           0
 100  0.42           1           0
 100  0.44           1           0
 100  0.46           1           0
 100  0.48           1           0
 100   0.5           1           0
 100  0.52           1           0
 100  0.54           1           0
 100  0.56           1           0
 100  0.58           1           0
 100   0.6           1           0
 100  0.62           1           0
 100  0.64           1           0
 100  0.66           1           0
 100  0.68           1           0
 100   0.7           1           0
 100  0.72           1           0
 100  0.74           1           0
 100  0.76           1           0
 100  0.78           1           0
 100   0.8           1           0
 100  0.82           1           0
 100  0.84           1           0
 100  0.86           1           0
 100  0.88           1           0
 100   0.9           1           0
 100  0.92           1           0
 100  0.94           1           0
 100  0.96           1           0
 100  0.98           1           0
 100     1           1           0
