  20     0          20           0
  20  0.02       16.19     1.93578
  20  0.04       12.66     2.80198
  20  0.06     9.06667     2.61194
  20  0.08     6.54667     2.48082
  20   0.1        4.37     2.01489
  20  0.12        3.08     1.66141
  20  0.14     2.28667     1.27194
  20  0.16     1.82333     1.00935
  20  0.18     1.52333    0.741253
  20   0.2     1.26667    0.518545
  20  0.22        1.17    0.401373
  20  0.24        1.11    0.323368
  20  0.26     1.07667    0.278308
  20  0.28        1.06    0.251131
  20   0.3     1.01333    0.114698
  20  0.32     1.00667    0.081377
  20  0.34           1           0
  20  0.36     1.00667    0.081377
  20  0.38     1.00333   0.0576387
  20   0.4     1.00333   0.0576387
  20  0.42           1           0
  20  0.44           1           0
  20  0.46           1           0
  20  0.48           1           0
  20   0.5           1           0
  20  0.52           1           0
  20  0.54           1           0
  20  0.56           1           0
  20  0.58           1           0
  20   0.6           1           0
  20  0.62           1           0
  20  0.64           1           0
  20  0.66           1           0
  20  0.68           1           0
  20   0.7           1           0
  20  0.72           1           0
  20  0.74           1           0
  20  0.76           1           0
  20  0.78           1           0
  20   0.8           1           0
  20  0.82           1           0
  20  0.84           1           0
  20  0.86           1           0
  20  0.88           1           0
  20   0.9           1           0
  20  0.92           1           0
  20  0.94           1           0
  20  0.96           1           0
  20  0.98           1           0
  20     1           1           0
