-0.9970226486710196 0.07224102390726599
-0.9925673513343748 -0.11431702857121667
-0.9902510079638945 -0.13541843422199562
-0.9608128696132827 -0.2639597564052227
-0.9392364572356696 -0.3272796271137356
-0.900193750757197 -0.41062559234152995
-0.8423283490198452 -0.5280935267489846
-0.7119726752323611 -0.6998940096764975
-0.6652947608766495 -0.7413839407757886
-0.593601340387825 -0.8025799257167888
-0.5588485296638184 -0.8226284949973272
-0.4267908206298202 -0.8973985888818865
-0.27047175463294415 -0.9593656458848392
-0.15872491456373686 -0.9859222110423043
-0.12438686431224147 -0.9918087474537697
0.015730018533715563 -0.9979314299710212
0.1425058659652612 -0.9835825499045278
0.16353992400338735 -0.9810717722505002
0.27404994222087337 -0.9613954642650865
0.33202259496751224 -0.9420693819986289
0.39538842527018847 -0.9171120385246995
0.48475082064638364 -0.8723369557718135
0.5351377552850768 -0.8411156629941761
0.5603814619287382 -0.8247841299718128
0.6284845810491613 -0.7777329172518158
0.7145575311434523 -0.6945448305918
0.7574872209019036 -0.6464760177273225
0.7931587654617831 -0.6038214978891893
0.866962052766945 -0.4889995724473505
0.8999062126036813 -0.42552190797895517
0.9378259460917654 -0.33224558746735683
0.9686008439147658 -0.23544654648013516
0.9739945109167745 -0.2140540462906846
0.9948080868140668 -0.057318466730701706
0.998703983632509 0.026548411347988906
0.9870347763920665 0.13076984083829576
0.964093697635909 0.24927105552942075
0.9570147716128037 0.28348804002694444
0.9442111552296045 0.3286618562806423
0.8624425719077419 0.49969506430999266
0.8329432789382345 0.5478592152855228
0.7966331192087178 0.6028710789590095
0.69912965427382 0.7108186951599874
0.6620283756146859 0.7471542186069569
0.5707782087338847 0.8155327830249871
0.42782786006402473 0.8999036039497579
0.36612670390677154 0.9279081740987738
0.23386294389187406 0.9694366622119553
0.07886393197831286 0.9919940717378298
0.009088138400816105 0.9973483270898162
-0.020740230316894502 0.997281965159803
-0.10436278884280437 0.9881446238318226
-0.1931204529231458 0.977381907414067
-0.35847862301570343 0.9324096868060979
-0.48934852531779194 0.8720725413602938
-0.5741172182304275 0.8159347367332543
-0.6796578811719334 0.7328589435079194
-0.7784886874815364 0.6189075425076592
-0.8088914448499281 0.5809610448344753
-0.8158014106957296 0.5706489494485576
-0.8916399264938842 0.45194868594883897
-0.9467373248773326 0.31694428361989296
-0.9617056677922365 0.2727619340740304
-0.9645582328919117 0.2604408159172535
