-0.9916225076190295 -0.03361070078185622
-0.9863347902355907 -0.1142870959624788
-0.9389733013990212 -0.3109114120388781
-0.8785958034997451 -0.45540562385649624
-0.7963995062998881 -0.6041951638268686
-0.7220244812454325 -0.6872208412792313
-0.6634863882403473 -0.7453332060502926
-0.586618806762138 -0.8080940283094721
-0.42039247651956724 -0.906937983206723
-0.3341824934248602 -0.9361999520528959
-0.16624335533716997 -0.976112975898188
0.03824348220762582 -0.995956017517892
0.26702887903175343 -0.9613474249831503
0.43044452785501 -0.8983082960507142
0.5580154036977284 -0.8286756325505592
0.6814323403975275 -0.7216363169510738
0.7316243642580317 -0.6768041484558373
0.7981487788067483 -0.5958065232740964
0.8757668899766924 -0.4767732823680101
0.9374408768442849 -0.3425137514429907
0.9699733150870125 -0.2146871853889484
0.9990387391343588 -0.03234350487845153
0.9928764226729677 0.10341171443663316
0.9827636268091431 0.15359358019705988
0.9486726671816149 0.285592411568304
0.9017684420061488 0.42949646113534107
0.8047461343450041 0.5893004677291165
0.6677688190794925 0.7374353505428562
0.5272181979289486 0.8413973432051074
0.4226589898677539 0.8982504281398078
0.2690096842192931 0.9625709093245225
0.0046612802895316385 0.9951895688472376
-0.03691763543768834 0.9933295324100823
-0.2030631369120426 0.9750796802850128
-0.40243475503230647 0.9140443134037497
-0.539244621404126 0.8384753603183517
-0.6477025733644245 0.7587751988655003
-0.7479860361285787 0.6621541547753115
-0.7847641710808133 0.6094041581355962
-0.8487312565058659 0.514825612349207
-0.8917237501364879 0.43349419999489164
-0.9568543534113777 0.217179316346462
-0.9870465816364553 0.02480536251192547
