-0.9941782898234474 0.1074407805895262
-0.9368628029861419 -0.2986335720290335
-0.9129400941500997 -0.3767157338045317
-0.8501654880075471 -0.5121899692981211
-0.8409661728637945 -0.5233717038309013
-0.5781550944836055 -0.8143057769286423
-0.5110398755729757 -0.8476727179535939
-0.20886407035451193 -0.9768106983077184
0.150248928825647 -0.9852150263293269
0.2383056522326653 -0.9656554250361238
0.38979923759868146 -0.905010668517652
0.4196698470492754 -0.8906599630657239
0.5836086340836436 -0.7891806622695763
0.8326015664541313 -0.5535495562473112
0.9615627724763245 -0.15494471146033398
0.9811583572998201 -0.02155219915490118
0.9785098049511782 0.10116007186441536
0.9430612046383612 0.3305959816029771
0.7061328725804056 0.6863741338991566
0.32217632979768007 0.9144281498033195
0.12184645975422814 0.9737820888493308
-0.12141651777600367 0.9628162183213841
-0.33998893944017095 0.939903411815246
-0.4473409211672324 0.88807388762741
-0.505441899299954 0.8590287020888395
-0.6260408168122623 0.7619406162603031
-0.7724346052118063 0.603289447539586
-0.9270990505419783 0.3718867696604082
