-0.9459690768096255 -0.16618255528615347
-0.6455871500742772 -0.7544258115406431
-0.4570379850751902 -0.8495211352120956
-0.3669288627999475 -0.8725100710914631
0.10246385724480842 -0.944490608733386
0.17633591728350487 -0.9556220146326596
0.5405668633567922 -0.7927190853074728
0.8705901367502281 -0.40788983095097214
0.9044995992553261 0.26320215547787074
0.8338367482143332 0.47550416134128365
0.6216496981069923 0.63623713723217
0.02215512385456574 0.9907298483019924
-0.4991061905229983 0.8404618698826611
-0.6874527741342024 0.5880413330733248
-0.8091695082026686 0.39400753078643147
