-0.9960021397580606 -0.08576197621741528
-0.9643238211331413 -0.23544957612097206
-0.9384257413521003 -0.3440119850279512
-0.8822360684710469 -0.46635288655404916
-0.828243916225846 -0.5486859308688687
-0.7663840334697354 -0.6395513342453752
-0.7595536950332185 -0.6475260954136114
-0.7220708641413819 -0.6911867199308489
-0.6473198637539657 -0.7552461785315232
-0.5392805311333022 -0.8299000692643883
-0.38036557232537127 -0.9214401343709426
-0.18654574881403563 -0.9798058950291164
0.015717166003155248 -0.9955673280542745
0.12310774397580068 -0.9873998576359263
0.2611313034458051 -0.9596438308889866
0.2845127433617366 -0.9546228827658022
0.31635895929642693 -0.9466522246897459
0.536579420287647 -0.8430731393326278
0.6676410956232628 -0.7430924961046262
0.6990851115174167 -0.71320266644785
0.8846484649898863 -0.46242756403751323
0.9338964699141616 -0.35154841290008376
0.9799638151785546 -0.19124522081743983
0.9941903803442305 0.0067722915475094
0.984015846466861 0.14757453955563307
0.9789485166648322 0.2017897338696398
0.9366767870789694 0.3388482090783851
0.8932969315107723 0.4431487987784595
0.8268126240399277 0.5565641229742857
0.7893461456659705 0.6090608791628588
0.7455797240420172 0.6579508021283647
0.7210307171144977 0.6847534299555552
0.6750869850040212 0.7347993590824667
0.6233858979321706 0.7761484679383597
0.48834069282666054 0.871904715345496
0.2888313405115431 0.9541985648646106
0.13681127721663544 0.9896490932217535
-0.08500493393869006 0.995766672310973
-0.13885533224019583 0.9884213285559218
-0.3173311835908482 0.9464219228506022
-0.38668314359563016 0.9158957970541551
-0.4748593171623551 0.8714928427970094
-0.54630371348585 0.8257312691504725
-0.5957831647684666 0.790328420398931
-0.6676745489541538 0.7317035639276155
-0.7248931938015049 0.6782106856012258
-0.788234002866738 0.6103407902250527
-0.8028439125543856 0.5940494362253735
-0.8098979594024817 0.5860674046007306
-0.8974708030637909 0.43455806913133094
-0.9805733826908285 0.19384208776339187
-0.9881063099771115 0.12368333994473338
-0.9943017198212097 -0.026992901159351008
