-0.9836955237714042 -0.09350298245652974
-0.9580831253459383 -0.2800232417987835
-0.8775621351167846 -0.4574778257316082
-0.8373882082520164 -0.5367990043482159
-0.724006266521189 -0.6851525205845629
-0.6228064556410561 -0.7611838582341882
-0.4263549501597112 -0.897557570869114
-0.17042383205021544 -0.9787396796602831
-0.05765046689280007 -0.9856487002624342
0.10108981379308597 -0.9861475075373136
0.16384344575716844 -0.9763198963360001
0.314742761019594 -0.9439085980511277
0.34300244629856935 -0.9322200808434054
0.46157601179619023 -0.8666848889154254
0.6033791526023102 -0.7846681728071948
0.6858170160290334 -0.714502595082206
0.8051587501480166 -0.5740989685219577
0.91565588325551 -0.397376043497401
0.9383214185260608 -0.3414983342229267
0.9777467859056411 -0.0808585013711628
0.98642919062673 0.12945824358777627
0.9561597781025774 0.2523783140865837
0.939113887865105 0.2961818650881226
0.8380081968228685 0.5402061110770627
0.816556227667382 0.5745393070145594
0.6534541412467649 0.7538539139679111
0.6131020092142356 0.7876962703698798
0.5243268898914754 0.8410660869946085
0.3514035817601257 0.9299252554399567
0.22374199200270176 0.9620899361336392
0.13515280818290568 0.9806412619988176
0.027738282483605468 0.9890135021290356
-0.08155943755558161 0.9895157841548077
-0.16300745287694407 0.9827266194544642
-0.37710170384774283 0.9200131717720594
-0.5081608979103629 0.8456040734105386
-0.666481734780826 0.7443535464853991
-0.6986586531003373 0.7153314408026875
-0.7866217748318363 0.6126234654968821
-0.8800860067259514 0.4688373220018527
-0.9509556312956707 0.30752707230343407
-0.9589514702924402 0.2461153501172659
-0.9836502624995074 -0.08436779635985561
