-0.07331971647444824 -0.24071637043971483
-0.6808335912806789 0.0879753669971925
0.40103646812813515 -0.7185581829046018
0.01011693390387278 0.11092878271315276
-0.01872276578857935 0.13647735898340108
0.6457382878640261 0.5767807157024148
-0.5882160845787828 0.24653879298019624
-0.06411025389662282 -0.12347187030470438
0.1499516129352435 -0.09598180798327453
-0.8501654880075471 -0.5121899692981211
-0.4028775096860623 0.25417256749229944
0.3519770071916039 0.8933450879193173
-0.17170980927162183 -0.7134026712973149
0.024608305389189324 0.2345894947480862
0.1952560135338437 -0.5971910208534686
-0.32895634599728535 0.009366666383473062
-0.02028712653502688 0.35773852547740037
0.14213998644457632 0.33291011832606526
0.5468901569076488 -0.18260175326379616
0.13129468905549688 0.2966804185511019
-0.17538837305906013 -0.0203484916066827
-0.04145162353933092 0.76606387566739
0.057316521555903575 0.19367030030703652
-0.6674462936933094 0.6478344436933221
-0.10432420303071133 -0.16539004004845936
0.5358805239637976 0.3315123359687964
-0.012180331938983274 0.06638052230349234
0.026674190903120575 -0.766836301813906
-0.32109440582360654 -0.14411729462147155
0.34430300024347543 0.2988139575047082
-0.07351565508052717 -0.14743061009598762
0.20803581101538912 0.7087214893506242
0.13713546492260983 0.09453835944660025
-0.01389935440166976 0.11248810085177707
0.2154625260611199 -0.24067993579937988
-0.7213799786408089 -0.3945714988566534
-0.7615242263918771 0.5762025130579665
-0.0050993533017882255 -7.094116112394185E-6
0.13662767271867113 0.14600384687477824
-0.24039865858101997 0.5529730567945876
0.10158235114927455 -0.17940489168594978
-0.15462756744120823 0.036466865412119825
-0.030052132076762758 0.6482138823287035
0.3495441041402328 -0.3600095808668598
-0.18912121726623732 0.5671885988268193
0.28760764933956 0.05667409259183953
-0.5729865078904746 -0.04110064362635757
-0.041861567009496 0.5101871646045203
0.7983950091892446 0.11342904486658396
-0.16836873723043452 0.0461458536309576
-0.9368628029861419 -0.2986335720290335
0.2574239704970663 0.28999933640924475
0.623833167115487 0.28464670366797606
-0.25358261238899166 0.5403180957715906
0.002722547608265499 0.011564594710540787
0.4048724156472168 0.6451857885103115
0.08305029640701961 0.3127269208200609
-0.48225285873041873 -0.35779647155757305
-0.34191486272151855 0.33588653367019305
-0.17840761213422737 -0.9697429569417042
0.13723988600247677 -0.1579229510938965
-0.8256444244591219 -0.1459306170083304
-0.026879555102661747 0.3394274981529192
0.10332460189686321 0.08243313187572573
0.2020425581465895 0.8394079356449984
0.7518818192084576 0.08418625004768643
0.5049801990434192 -0.27659107844510583
-0.003959203399120375 -0.6853413918449979
0.011465289262296379 -0.16424628964490065
0.5716715811024518 -0.6365024374421695
0.10515130078095117 -0.6689170473526829
0.15228197387979517 0.41910059114224396
0.3041630653234352 -0.15778666756757181
0.4407096989955235 0.05647698849273436
-0.5241900445897543 0.2276332431734852
0.05909406862056289 -0.10332300086781511
-0.15836561958677342 0.09821237921170521
-0.28497196018002086 -0.10879733715284332
0.11419373406046378 0.23546114034637755
-0.4061054596214907 -0.29245899614074466
-0.8040777446389041 0.08004181551863121
0.035874336150235143 0.7370779973625969
0.21995228971353947 -0.7705098856580994
0.28323088713325095 0.4012049482957124
-0.44430810912938995 0.5113040964381553
0.001383177876692944 -0.07022050406669589
-0.05777979110168867 -0.2123462783497502
-0.022845266346869245 0.8313981847269839
-0.42589196150836167 0.49664103316009534
0.6845235643434286 -0.13600212418773258
-0.4132432614105491 -0.16104691837541413
-0.5590680981915348 0.7225083472530988
-0.00253947913552194 -3.9131331713758574E-4
2.3614509324951252E-4 -1.6058738084095923E-4
-0.16919555494608615 -0.30465164195986
-0.567721771722071 -0.429492488735094
0.0618435110688132 -0.11483866726681798
0.2963848283943427 0.6047560545565228
0.7267776799545423 0.29914234461356026
0.0037556899850569063 -0.015552425282237745
-0.06570615492678526 0.7275888012834241
0.34232323873605536 0.2514001672176204
0.8211378787676297 -0.14419297896672947
0.33128156079352794 -0.14126114922020533
-0.11961304316265967 0.270104358285671
0.11213517040401248 -0.48855957598576855
0.6098224553115872 0.05181894433643605
-0.040987929587669156 -0.01700923224769788
-0.37380912423774226 -0.6867075422005199
0.5584609366564551 -0.7623445538291723
-0.08422958420865988 0.03803536277247046
0.1065213501192517 -0.27702317583944147
0.26180578170680757 0.6282704993525661
-0.31624535606680004 -0.24890833734781048
0.47002623838051216 0.4751886737719579
0.8388603918343964 -0.25657301576454367
-0.49290002150991513 0.19133391390722224
0.2838481332021076 -0.4984788173738993
-0.4264777971253746 0.6361680666748851
0.009456025568619821 0.0025721226102341853
-0.15378805695191117 0.13761249231081982
-0.5611482939468284 -0.021750634731686272
-0.013616115717533041 0.24442461754075825
-0.2031355735998018 -0.19534448250955191
0.020822987659550755 -0.010741267068528218
0.16560817966060853 0.11215422021194484
0.04223530793954692 -0.08799715095886153
0.12817377914786976 -0.34236419571873977
-0.0882554249571565 0.01090602027665949
-0.08155284003409817 0.44865275165575536
-0.09692478777037626 -0.05560687240804214
0.0331060164424014 0.07662495564306657
0.1241180948611383 -0.35098314183198126
0.048512307341504406 0.22750875201432832
-0.2556246407865729 0.16225004427646308
-0.18323586131946068 0.8219837380534389
-0.5533060256004462 -0.5648055597561699
-0.09120512888559074 -0.4232055263310513
-0.0012163571468508513 0.015086400482984173
-0.0908740240839326 -0.0676337801943308
0.4104981927062349 -0.195806120045976
0.5036642376243553 -0.2624411770516408
-0.9186276268279763 0.18541181607969753
-0.4958160281264882 0.2835808627688155
0.3275759264845998 -0.28357446569338307
-0.7724346052118063 0.603289447539586
0.0825728891168671 0.13154559146279457
0.7902370600853118 -0.5671084098759711
0.17385654205117887 -0.7609429597185677
-0.1029900137065719 -0.1665623366708059
0.3473780214796053 -0.7803311627355439
0.08050252013873976 0.7608016490306962
-0.05357395761596904 0.009702130170407249
-0.042460025276564436 -0.06813656348704512
0.08975119065455421 0.034896929287542955
-0.006837550066309504 -0.08778367989353562
0.2756311585093386 0.2467221026315437
-0.46338157390942397 -0.4860941727843993
0.4795054278848752 0.7337260820269567
-0.0594167094324363 0.9624862546886674
-0.16160921557936714 0.17446718915533943
-0.008406249197893097 0.01446907694845447
0.5866818036751719 -0.4165168260808982
-0.08377723653054973 0.4029010888874982
0.06472120989658468 0.14090495122082797
0.03729232303960279 -0.5631333983478437
0.010499149886895341 -0.10122374910882737
-0.4861647229915416 -0.046059026712511046
0.4431739131233123 -0.5109534783124722
-0.7177212586484476 -0.5333582485548563
-0.6357738153017107 -0.23740382656764428
0.8982715445128809 -0.33483505023835286
0.13012967626950234 0.23066942488104272
0.05221751713296512 0.10529737474941991
0.7410596094549269 -0.25392216999519246
-0.6501030007080796 -0.36928381979508734
-0.3984666626380068 0.11405077937177638
-0.43810496029583046 -0.5201419019486822
-0.6512787259992429 -0.45589690947878636
-0.32899436827063966 0.19077286996755694
0.034884907971428146 0.5928764446120558
-0.45620866533698234 -0.26012238209194644
0.08145501831005474 -0.8624226017059213
-0.056523759635257805 0.5357526040446193
-0.11071439391285645 -0.20322904015431498
-0.6274403875401046 0.3490726250383388
-0.49830849252268816 -0.3669290263518893
-0.6756349081991191 -0.3386070971394094
-0.05105906264021574 -0.5941013022361769
0.2859556798332428 0.2930140163746856
-0.05184380256445825 -0.013332000944886624
-0.505441899299954 0.8590287020888395
-0.041993871137648575 0.39789237417484835
0.02956800711405249 0.8535962610702906
-0.5283065703155232 0.09257094827138658
-2.5864631984236127E-4 -5.482881587501334E-4
0.24756543793939617 0.01154572108935987
0.06292719227124456 0.321792635400549
-0.34825779271617713 -0.31950942128120435
0.16006761218032095 -0.2767512991014883
-0.3356539845910938 0.5696335517539616
-0.5303166557364207 0.08933748581407738
-0.1743167020938604 0.8864351920817265
-0.9270990505419783 0.3718867696604082
-0.3282243053625037 0.2216709915627482
0.07077026750734061 -0.21144606223507909
0.04210469153114142 -0.02815290163970397
-0.9035068668738961 0.029427780846881926
0.060354115471511025 -0.21765855243419915
0.3392533421899271 -0.08281685032385329
0.3010795344260431 0.2860119576320247
-0.15986521882460109 0.15013510115745307
0.4025940206709998 -0.2501885515071792
-0.42642565244670994 -0.227548704000097
-0.37610861088779174 -0.7882281875742252
-0.0887612005594456 -0.45465397489428533
0.06831813509867139 -0.39457447078825497
-0.14801895173004254 -0.5545912951476494
-0.48459867223547026 0.029244776526443576
0.31493714943378526 0.13755694897595716
0.31050400116387383 -0.19632819969738963
-0.05655435593762856 -0.18751999490194446
0.13409650146078922 0.20005279013112331
-0.3834102338778797 -0.4833123087600891
-0.6148909120230756 0.31618297452281097
0.15262695333137097 0.5590594870801965
-0.06991264218477096 -0.17434864703941091
-0.5065854454748863 -0.6174011634144255
-0.6119017656793532 -0.4999301786583886
-0.5846099387349977 0.2962030500743901
-0.28438038429032897 0.4153515249079085
0.08738081342092364 -0.3634165930344087
-0.8931201862291249 -0.2983495746738151
0.16694155367112015 0.009680449864811024
-0.07121898044932673 -0.8954398598324281
0.16956703157093098 0.635620959352928
-0.036454088407931386 -0.026841898137255328
0.032084403150370776 0.07593314318565479
-0.43756880166053036 -0.7023490895439224
0.2383056522326653 -0.9656554250361238
-0.13208687122340684 -0.9482196093453157
0.5798675322614966 -0.050676550058449336
-0.03482704663071138 0.0854471803590831
-0.1849401708648424 -0.04777322205954386
0.3278314539076016 0.16269963034415277
-0.28919701624169397 -0.628922046003659
0.1766301295474197 -0.4771165608054453
-0.052279082863342353 -0.20779859917839671
0.026117107654296107 0.8547137410791256
0.0300866510626128 -0.07924137783429826
0.2707810126432903 0.893557298182489
-0.20141829360249558 -0.18028637266894618
0.04977255141180403 0.07771347112757546
-0.03149682705400155 0.03227296122171587
-0.10234525675887025 0.04999154663521772
-0.8950642105689378 0.33973926231191637
-0.9083736067609364 0.1348620377303737
0.329211749844824 0.31433454420374457
0.1443698762762496 -0.5098893106870588
-0.3685568884493422 0.0011139691643549982
0.06667050932642514 -0.02847350321454432
0.21012402593428908 -0.04884454415907299
0.13789281819800076 0.034818467536957776
-0.4395462100169787 -0.8128598107881299
0.31943436775040307 0.36528249022009146
0.6981991491163146 -0.27681906048098803
0.5727169511299545 0.19531276428920216
0.3507242609430179 0.09363400868805231
-0.33180461801290617 -0.14128400334205324
-0.4473409211672324 0.88807388762741
-0.20886407035451193 -0.9768106983077184
0.629996657592403 -0.22843387483325336
0.027599858585817743 -0.013651582004130067
-0.046179535661318084 -0.5937650416899476
-0.4018192701526357 -0.12782334604381806
0.08231004130519336 -0.04575878708409302
0.3817151915318716 0.19931000913382443
-0.7127740723366812 0.6613542805622392
0.6730845964724002 0.2545460957114352
-0.1504864579817988 0.37713587975638724
0.1681165557954287 0.10903139832887812
0.006848955825842834 -0.6342356097088625
0.5858026149480815 -0.029620665588095917
-0.49290407112434875 -0.015453643802025964
-0.20499149778041112 0.5471667614994664
-0.017339686900353608 0.004700734088460443
0.5290704589081645 -0.3041643443890521
0.5419645764388847 0.13668450580118563
-0.4157232409583731 0.5869096858842652
0.03800606548386114 -0.001982964045795637
0.11844972868003965 -0.6025389190713365
0.5133107163886969 0.23316853796412318
-0.6064648095660169 0.13271654577308967
-0.4659091963366288 -0.24657606436527493
-0.5442786100623213 0.36082798351825046
0.2555647012132755 -0.11921050120751867
-0.07100822045289948 -0.48524015155295747
-0.7263351853866092 0.20748776169617494
0.6057101549414782 0.3407412374758938
0.14539541658340738 -0.38552025144078744
0.0834552275465164 -0.1022161770194625
0.07760428402212531 0.3780337226232031
-0.2742249858265002 -0.48688633247911317
-0.013034757681403612 -0.039090515016980916
0.11383639473653769 -0.3519707787216228
0.9430612046383612 0.3305959816029771
0.7299891186659554 -0.4054390546962726
0.12045581561944788 0.6144796709081712
-0.01094471340166212 0.4902489988758931
0.6297904985043855 0.10625067718185272
0.7540781890891396 -0.4600161606405194
0.3969235611939232 -0.14752079148638125
0.01111011063948286 -0.03146739050951244
-0.06110448587586262 -0.778563883577031
0.17653911917663345 -0.6477235047190736
-0.0756672291134661 0.2763065897497474
-0.019507996033867384 0.017158501124777452
0.339113288597969 -0.015209488262146284
0.06597054118614461 0.5788459352571361
0.28291071089825154 0.8605172008243578
0.025802570144925634 0.040990809931550395
-0.04144492766325691 0.06649450653592245
-0.20028512086585795 0.5629544359795757
0.21469623717566566 0.05535509284461632
0.5729701721800878 0.48529714377675504
-0.6510303603615699 -0.3313422543446809
-0.1290150779305674 -0.26520616695144505
-0.2971401717827961 -0.14249926565744525
0.30682998278420465 -0.2627059187110598
-0.5501780251257737 -0.4686224491655353
-0.24190983218061898 0.5403805480418697
0.3134945191039937 -0.3794815278952119
-0.08886371790151668 -0.360291314060751
-0.1969499620055656 0.8577063856273305
0.05859117894246046 0.050384522861114237
-0.7641913577542456 0.26462176707088214
-0.2884261003179768 0.19250998008314632
0.40014788437160365 -0.02900834229583796
0.09037131703485206 0.08617804417161451
0.12566910404824963 0.923102449197778
0.17915312290924093 -0.3545497994328152
0.07043815821299762 0.8086159393649619
-0.2309112095479899 0.4296416227399535
0.03965894269406747 -0.13121719908316487
0.011255180930237764 0.4712054607132942
-0.736602826438002 -0.14537405082073465
0.5205647265534362 0.5480202429378057
0.07850442100063332 0.5465442889016818
-0.04326524093716042 -0.011134692483042177
0.08556299061026595 0.09413392610905462
0.7190382104265587 -0.3209839028109596
-0.13422182337499672 -0.04477610072737115
0.2598716195410735 0.307897204801826
-0.47423561213300947 -0.35623613179888475
-0.5518859513505895 -0.32324666756513254
-0.12147638151600773 0.08792854267523927
0.10589090826378214 0.1103071122441116
0.037602697011304614 0.40126267957617445
-0.8428972442928419 -0.062186867081656994
-0.7440920252871541 -0.31359675093654066
0.5277624153232982 0.02867388653419943
-0.012903057258171624 -0.1591943317062427
0.010090053192838311 -0.03662069355567878
-0.8899962600929084 0.32878800808964237
0.7989758009659707 -0.471400649808178
0.046015474317036606 -0.35889752586671186
-0.2274042736930945 -0.07724796220370826
-0.1500043059188999 -0.21169254656196718
-0.6367347264524361 0.7485086418266927
0.03210228390668148 0.16696603035909652
-0.43596875929615175 0.45073668887949797
0.009684127620444611 0.06948061497948499
0.20565849412833934 -0.5847997842092022
-0.31479878604715233 0.9362627402908323
-0.10842807065629322 -0.13606988819374502
0.026060779544193412 0.1704925834928091
-0.2970647953205376 -0.12714267258212705
0.32702696266058373 -0.33587073295385783
0.13581069242560423 0.019194222361137925
-0.5781550944836055 -0.8143057769286423
0.7822339949787234 -0.3158161573535606
-0.37811784854856184 -0.14217393444789447
-0.8449328381571798 0.3349750806303135
0.09586714115540608 -0.004125776675939694
-0.2469987431161032 -0.023512507372509307
-0.553967680980392 -0.1795050890129079
-0.11783047193955129 0.28420598488368465
0.14740243148281632 -0.2775146360597999
0.9785098049511782 0.10116007186441536
0.12175314933982392 0.5358779370820407
0.5448507051858367 -0.3831701693818011
0.002286948023901569 0.5530276565630022
0.16102976961094626 0.795989114778695
0.013380061192396351 -0.02237773991022721
0.7709895451574411 -0.040341936992024145
0.12629381120631775 0.09251967335709382
-0.07624555776929377 -0.9562538462035612
0.5627360992453968 0.6916643283869621
-0.08884638090062598 0.27905951443581944
2.676896222602161E-4 0.06048830984356284
-0.005730069926056973 -0.19097477133710028
-0.8713903491084457 0.2544442689814558
-0.06676029525113757 0.15318676368142078
-0.4628343950769128 0.3483853996502306
0.8326015664541313 -0.5535495562473112
-0.03256722376051426 -0.022221285164076364
-0.9941782898234474 0.1074407805895262
0.3193636924528868 0.5082993891864156
0.6141926275884373 0.40922628144818085
0.553271956670295 -0.48765098532316
0.5743503715125087 -0.4515346035948139
-0.5505774433147272 0.35591918861699645
-0.18298691785211627 -0.3643506038605458
0.3626774225320832 -0.3449157711816048
0.14473634667715865 -0.06112504407054564
0.7626638831522307 0.5518869441429459
-0.78864339846084 0.3154775376474727
-0.04311558252286789 -0.09181108545508729
-0.3777774770455892 -0.14733786160974366
0.3774852108595794 0.28822587176361353
-0.6354720450516834 0.29236902044164687
0.8320277248980462 -0.25455649996268265
0.0617969729014541 0.03703821778562597
-0.010422873342183439 -0.961867011882593
-0.01509517432219424 0.0668405998295661
0.5446871238093836 -0.006782271017497496
8.691109346725657E-4 -0.11706196484780748
0.7037489178167116 0.3643082867765115
0.23641468003279592 -0.4594776940092985
-0.41683658752264174 -0.011579550806944734
-0.09121113213627184 0.08002346414612503
0.7499128278524466 0.26512978534021253
0.20805473072808836 0.002347140851327087
0.44614343626271064 -0.7368955067183386
0.8435356266600275 -0.43328879843482004
0.152487654506349 0.8315309566932224
-0.8047752477404133 0.23598100075123823
0.27171473210908453 -0.04099906523576515
-0.21310169638860157 -0.38612248854803916
-0.06697485594098815 -0.005052514353115938
-0.047507087842304986 0.5466733738158818
-0.46149446830325286 0.06791031911296302
-0.210976794843066 0.03517572739852105
0.015104030199121033 0.9353550740993295
-0.03341667616685793 -0.0694404185029773
0.3123188213481139 0.0976011140566887
-0.15166961449302135 0.8528236353085809
-0.45860550106052583 -0.0807241419223494
0.3339629086830975 -0.3063885901969845
-0.08803857826185074 -0.09575291294063737
-0.24543252297875326 -0.5117082921645206
-0.8683533404191277 -0.0985402180434533
0.7880076500710909 0.48730033959704494
0.6072993955080973 0.33224187909129643
-0.9084709142746993 0.32235197551216044
-0.5560233773818365 0.6411522908272625
-0.5245479083216349 -0.0912679355542849
0.17194857961471965 -0.4848599256500153
0.38718142661040933 0.702866340686559
-0.09417893286027446 -0.5909693137170299
0.2423754838394299 0.21121751738235917
0.8844931045951826 0.035885122748941636
-0.018334950977634077 0.0038621631386265625
0.2687347025767335 0.46520227715047896
0.3329800996748323 -0.4408464247035497
-0.45325766771339276 0.6191881254058997
-0.0453077813125387 0.02826247293553384
0.5711185968443733 -0.44121589332818023
-0.03736395001305013 0.18025697489627757
0.32217632979768007 0.9144281498033195
0.584524367045614 0.5906024362859011
-0.12385817375260932 -0.06544676414803972
-0.9695114812104708 -0.03945144757733636
0.00614784752342474 -0.9530317923023798
-0.10240864841284351 -0.356767858630033
0.12184645975422814 0.9737820888493308
-0.40341596193693197 -0.3516394449191721
0.01844264075539678 -0.3028104380631449
0.5267746367980223 -0.3948695745919549
-0.36461592848862096 0.1924561910711576
-0.8658886385826765 -0.2258515618880002
-0.22677989450747743 -0.14023180925590473
0.15094022973414753 0.7129953603832028
-0.12369820259045969 0.8094855456830715
-0.013649269426201965 -0.02403882994900583
0.4046702151384346 -0.8479660542209418
-0.15750777898355633 0.08732843277840568
0.6513310374150394 -0.044305082348442
-0.014835192629283454 -0.06893228229601991
-0.07187400637189409 -0.6181266758661983
-0.5549258455713857 -0.04752276043516233
0.7988494264239373 -0.4523552411763806
-0.0649618592238397 -0.49966082674304146
0.010535504134179972 0.20362514278212301
-0.09602832062315039 -0.7685413928487664
-0.549395593916591 0.5224125638165236
0.059128201136424696 0.18491074551728856
0.04773822935689445 0.3803005685421417
0.42022938611548605 0.4544443769217049
-0.07044466420484198 -0.6648774708923426
-0.17250886451712513 -0.22065181794946734
-0.3267408612132271 0.8890562433086148
0.15062328772619743 -0.774874176811593
-0.29631525724771207 0.1007120067069237
0.43512062149746583 0.6899175366028071
-0.2983899903756029 0.18741276458788514
-0.2503595458545296 -0.3621816569515875
0.0806772541049194 0.09524736526122657
0.11975052187926391 -0.4093059235821911
0.2365126146679742 -0.28987774210840583
-0.009274381670831484 -0.0379059126661286
0.09848051790609094 -0.1935808288468157
-0.0061451929377827055 -0.5078421262640374
-0.06575141323251833 -0.15092633848004477
0.34962523423393727 -0.8020437780526664
0.68653916701399 -0.5209610205825177
-0.057402373439292206 -0.346031008046781
-0.017790420228688205 0.012217304327014017
-0.5525796951262258 0.3761938894406131
-0.5791201789933067 -0.0536790794450047
0.08955637537389469 -0.008823012144684894
-0.7026611234775849 -0.27929827040158917
0.19881096841446957 0.19095075462122446
-0.44104610232107966 0.1477440979999072
0.2543419027900202 -0.19143749600271917
-0.2639393369961656 -0.40775524328744917
0.2641279145165268 -0.8411378605931606
-0.6607312366636726 -0.370103197116243
0.23064385770372123 0.05065124776393422
-0.16586734252350954 0.19178526225837642
-0.6619069631339166 0.041249848044720046
-0.5327457756246979 -0.25851908981843985
0.5754723556655766 0.5383177118308872
0.8764228155903707 0.3626192082220308
-0.5553294733073996 0.08166644406621781
-0.4297275084823014 0.25793545909245985
-0.6621032795979882 0.6345807789227509
0.4516811290459865 0.7631823966913412
-0.04255584350813892 0.02722567771265635
0.624632039642534 -0.6027629084859661
0.7366855188526406 0.4494176477951132
-0.006706710819275881 -0.6541825096722319
0.2766840854762299 0.04755945866333773
0.5726421628965898 0.29489360252044355
-0.5533965584213199 0.5399781867555009
-0.815539506957362 0.4899677795008376
0.03266729351427713 0.03077675723842979
-0.5639009662677792 -0.6557921705526059
-0.4263187223251355 -0.26426046579401435
-0.013297061156161673 0.0028704338318603605
-0.034695360261610214 -0.059879853270930906
6.017408920602021E-4 0.005571823039717879
-0.08717686090562114 -0.7320371544216981
0.12638268201201144 -0.6710469499051191
-0.31057055828654806 0.7346029380960106
-0.6618756245852866 0.27155124657299934
0.171384980399494 -0.24030897443315744
0.5678161456429806 -0.12651911311174702
-0.14503575900140317 -0.17074259145939538
0.015175000402381844 0.02666624235158725
-0.08846388812008928 0.14607374794445427
-0.1806956277538502 -0.5522967148023551
0.5439421119209479 -0.7500317420552605
0.35749763905263865 0.7417401194311444
-0.7977963914919594 -0.09916293958932798
-0.3174307510165515 0.550504262669303
0.21137194266049802 -0.20637304381615013
-0.49581213741843777 0.5150398829250284
0.3305300073190533 0.06943312622493904
0.15159000926045496 0.1721669732378211
0.9811583572998201 -0.02155219915490118
0.319163472463621 -0.27324108832300525
0.37172632736196587 -0.8888978652503676
0.22908364061989694 -0.8138553871021338
-0.5460035939733449 0.1919378642572829
0.016007131076042187 0.0962461623562687
-0.015925496970957898 -0.7332673196138092
0.11382251436799463 0.02379343347831314
-0.26049149765407414 -0.6160654741097178
0.39904757022943116 -0.3775294533136752
-0.08435668918147492 0.4708233508530095
-0.7842928861368922 0.21273898998721727
0.03174237834415142 0.5741556267610742
0.00605961550290368 0.2013082443780252
-0.39360244637548464 -0.07279455941850228
0.532055411070563 -0.017285697601620305
-0.1438114476403535 0.5013337430556937
-0.0389903787032939 -0.8415825475747197
-0.08677925144807686 -0.5611053960950763
-0.9449737479240111 -0.2172831521051016
-0.22998614409336124 0.0523210488359091
-0.4896919470530838 0.18360923481142302
0.9064775481024764 -0.05724267010812402
-0.047912522012478816 -0.07032962120376135
-0.8338644759223698 0.3599119489366002
-0.40116504833936706 -0.6015223670115345
0.1800142607750927 -0.6404561893774438
-0.4105291302543229 -0.011276627605559504
-0.5298657098346461 0.5689437444433918
0.10285819582594218 0.8223713329042316
-0.0422522954473647 -0.04128001826074683
-0.005912369142147042 0.08288744556036697
-0.0751813283417485 0.421002214517016
-0.5247098012299761 -0.14340430197265353
-0.08083852717917306 -0.12867177820051612
-0.08130042848236456 -0.6406336395162496
0.08765047361709709 -0.569325126917105
-0.599882310954633 0.2756663578458776
-0.013039987847039207 -0.002401874603317068
0.5475826895689629 -0.11041953090955223
0.518521865402534 -0.46051329213939046
-0.40931300840536516 -0.12681176338145164
-0.29695737477880535 0.21112564038805223
0.20915036755833036 0.07006316678405862
0.39793720868206184 -0.5825094539881188
0.33514065229382695 -0.36427907522248854
0.9074691911385697 0.1745187017242625
-0.11562248645147535 0.20232742904944037
0.14523656738453072 0.05936095259047679
-0.6260408168122623 0.7619406162603031
-0.908966612498496 0.06736447935571575
0.1271814316444236 -0.27788592289320085
-0.4559230923752001 -0.6200284616394057
0.13318996477535824 0.024055926482415082
-0.11350260133616218 -0.2522566499646485
-0.16140891177075747 -0.018739516858267757
0.041866323755557995 0.6299871350331564
0.5836086340836436 -0.7891806622695763
0.6953039478551046 -0.30100722294689214
0.15187350430093388 -0.13248479012889006
0.9615627724763245 -0.15494471146033398
-0.26997723621393044 0.6215582817829056
0.2828275280452462 0.6055965997921002
-0.03826683783306783 -0.14408728666940712
0.4279852182955913 -0.49902228797538495
-0.6587420275260586 -0.2763116717971645
-0.41095710833538457 -0.2568442748188131
0.8143029567383308 0.36997910603855766
0.22375808300575714 -0.11345391544359658
-0.30976287620279636 0.2878467068397333
-0.006070508351290713 -0.008996780565901981
0.08432400195081308 0.5115023775870766
0.00739969570938931 -0.019667499265732344
-0.5449530139815233 -0.03983228675104071
0.29153486520017863 0.12407953572752213
-0.7208227038805723 -0.2163200584540794
0.05591274100825123 -0.2895653963459263
0.26004375452916045 0.06751743600383484
0.47720184811485594 -0.4946308593523259
0.48292443568911647 -0.683802610902665
-0.05998747236860068 0.14707446469123395
0.06595817755193793 -0.11505942046225165
0.01627571015169928 -0.034330969812584704
-0.03561088303841774 -0.47574645728502757
-0.5687275819124191 -0.5692899502543979
-0.010772533003775035 0.09153591657567578
0.34999425673464246 -0.8014877853995273
0.22060372773470463 -0.26843338332112
0.541742739184648 -0.24945511208191934
0.03240372184797218 -0.6476383428441838
0.33788653063997365 -0.2875341352701129
0.6476813106281587 0.5934214806767041
-6.693125005361091E-4 0.07174792618980792
0.058329875587257475 -0.3264502350387639
0.020985731812911898 0.04130374203918849
-0.11944023958606888 0.8077541601132391
0.2414015688339398 0.01645785267411648
-0.05276175110001706 0.02909227374308655
-0.012668254219108855 -0.1203094465163358
-0.2826914103555764 -5.19025216171011E-4
0.30814875989831675 -0.5771946062423314
-0.057035704790776326 -0.12151900457951748
0.07810067837717923 0.45160118218992723
0.016539938101093228 -0.07183518954723103
0.13716879570368903 0.2729537557084108
0.8264132753107855 -0.04111696345856363
0.07041261557607216 -0.45319044286025084
-0.052094073105548616 0.3203662560502564
0.24663775076219077 -0.39377866747574386
-0.03922259511035387 -0.2706435209600997
-0.6291751314222473 -0.3686229862400139
0.6126409474282359 -0.28984001345474814
-0.49299761023423444 0.7252753286958306
-0.09398438592546438 -0.14912195537489567
0.8873302132599081 0.20641817442285929
0.7002956127971447 0.5531888698143352
0.21876907909977228 -0.7798764109583561
-0.23524477653844872 -0.27412902940611883
-0.33965732453121183 0.22304738828803508
0.8468129884490903 -0.379053327137246
0.05108499636652751 -0.7553153206532071
0.27641245773716017 -0.13909769007664663
-0.20430190356353076 0.06244468088987091
-0.3817507627482123 -0.20380322315091495
0.11525269238744101 0.38413437441482523
0.794513398911913 0.004244310612689325
-0.8360557313496562 0.4418268054949591
0.07684238324621877 -0.3073432024035589
-0.6480887619415717 -0.1676467597941564
-0.013917821236963336 -0.20146458335182693
-0.37680194344733364 0.9021941140904421
-0.353568736129823 0.9253200835107769
-0.00499939818980024 0.00875872141982293
-0.12141651777600367 0.9628162183213841
-0.3905790382228444 0.28825171091267837
0.5407509403653127 0.10173346179488231
0.02410533381080515 0.898850752034196
0.4634111303538994 -0.09247882046556233
-0.4142170395234799 0.5547490320200241
0.9380902448492852 0.07031445365824085
0.12368452984602604 0.5105985635698163
-0.027417514503153332 0.05140893000135931
-0.9343299941259503 0.03217624625203121
-0.03215524364690083 -0.11817966527592465
0.4433256656977087 -0.07354208912973631
-0.12366376296008595 -0.3792963530821262
0.8680708412707763 -0.07366894173518626
0.9074166063130777 0.14707100119953262
-0.54491573718259 0.25674563836032444
0.5383887060122283 0.6758947156074246
0.38833253756486497 0.006115507013716039
0.7758046959232093 0.46558579567213837
-0.13034362804466243 0.028892646323464964
0.08065212569503978 -0.09069995029100272
0.0812532567023743 0.22020553886279134
0.21428022677178646 -0.9377239031677578
0.37832151074318815 0.8797857344986668
0.9658327522733672 0.013657265360991112
0.7759290145765945 -0.0518073423887384
-0.11139162078766913 -0.02332824682222026
-0.08814780228071827 -0.8473453577871856
-0.004021902103800869 -0.015860528868723373
-0.7049190856943724 -0.16454677041012333
0.053657056828706355 -0.5114596119376772
0.6476456688336629 0.5805679888108063
0.2916588832541524 -0.5353416362059606
-0.30335472736023034 0.5538524826662296
0.11735693182773559 0.11759637817521815
-0.014513250651173927 -0.06134222565239308
-0.7078466902534536 -0.41907637269413955
0.3912452533772728 -0.6932550545509146
-0.43460305398255294 0.440837942375103
-0.7545506125185291 0.5896611706768099
0.6069201616426732 0.3479100177165383
-0.13132917475517128 -0.1484901286470211
-0.43819684144394705 0.11699805349069768
-0.05526400042513332 0.02713978948821163
-0.4315375285447412 -0.2172102782607521
0.5573282445176013 -0.1277680055171495
-0.21795048328450436 0.7407152690051179
-0.19818850817715597 -0.12634885792597322
-0.03879805377867096 -0.4696015081694477
-0.13107710353093946 -0.06706543381664183
0.13281896851142022 0.22108550431724586
0.21850453326912875 0.43795239594288893
-0.9042864218087611 0.2571859966758376
-0.1713563237139195 0.25683237392850183
0.2352635213880939 -0.5916775298664692
0.25995518955625657 -0.6774048635080994
0.5048770556091552 -0.7477409785716183
0.3532611711830102 0.25532110981197564
-0.6107766589359507 -0.6683240430908376
0.025525950721726882 0.5987992129517318
-0.2627683884938583 0.011879020757910209
-0.6846116154606503 -0.035794076368352364
-0.25166146858214344 -0.08528070934130277
-0.35818704470877 -0.22905385103764084
0.2788106617772005 0.6166684968761736
0.00806052872987956 0.0023790158405899
-0.2978520601987673 0.10803608690872794
-0.39083002113550086 -0.37146039112896156
-0.4726178343858973 -0.17269823305037243
-0.17180668510322272 0.1804518654720653
0.012239581763681541 0.11086977197597413
0.16291030543378618 0.10451474495185055
-0.713691889133371 0.09999129430145023
-0.34015653587169953 -0.454650025343372
0.9242478140673122 0.06653097610619779
-0.040236978037801484 0.7673728879204227
0.7221857856773988 0.3920275137999213
-0.25116468786469637 -0.2114437796876726
0.4196698470492754 -0.8906599630657239
0.19190514509462225 0.021360415717626556
-0.11733845010261798 -0.5695762986230718
-0.3515154682700948 0.14479389654891964
0.5602537290634908 -0.3236423914277147
-0.20610023593983073 0.40156577944843036
-0.19138627909315697 0.2686801734126971
-0.20220899891183217 -0.8085296218292267
-0.16119733057357774 -0.3209384655926135
0.16846931717908312 -0.2399672254579563
0.06568963992340783 0.016586457243492177
0.6031650380647537 0.15965689825184154
-0.4149905412285397 0.0784715043694453
0.23516433941161832 -0.001702264140958331
-0.40430819350459424 -0.37960471503493115
0.192736828028631 0.21832757907668524
0.3778337473011785 0.5012166977363107
0.2848367441519026 -0.7698096856584189
-0.16977087552132294 -0.5722844392005907
-0.5955916118420448 0.6582864023441494
0.9383420884907147 -0.1936780471561249
-0.01791839895044962 0.17809278184366373
-0.33343183490446165 -0.16193520215096516
0.23745824398590484 0.3548370217587305
0.6347670574332079 0.5760339632387107
0.7061328725804056 0.6863741338991566
-0.5599697896884206 -0.7893466509487501
-0.2850921772170807 -0.7650993551108656
0.12089037826141251 0.17884502793531956
0.0036266729149793857 0.9637747180888634
-0.8409661728637945 -0.5233717038309013
0.3814714833903687 -0.7419250876647051
0.7650354600709418 0.06268712195269073
0.9230174261817896 0.2860972565219389
0.00324466465934272 0.003835311774269731
0.5525700592962761 0.7180829265394745
-0.1314924435283782 0.08930326849578235
-0.39627955275320775 -0.13025827780553334
-0.40912319706853695 0.40634004524725403
-0.31193343180002225 -0.18729062743903604
0.0708055388397979 -0.5937974281854332
0.5471183022310983 0.726444435649505
0.027424039233445018 -0.008106531222011668
0.4978377332475459 0.24222101846019
0.4926552046434405 0.325557442787647
0.31137439065220507 0.266687016431846
-0.31583729638507557 0.20741877175024478
0.4337264171367289 0.08566775138695712
0.005079941285277895 0.5137087680823911
-0.3431995961060911 0.40839160810102
-0.10815477414119155 -0.7379305892039408
0.22883739080880583 -0.5683566079545072
-0.24734505430513196 -0.5995327325512443
0.30481376514141456 0.2332251637074824
-0.18703322112888876 -0.693073623071696
-0.19560216111925247 0.513983915077721
-0.34529619281800245 -0.3344290217124475
-0.4133934222775759 0.7034473391020379
0.24558034857822136 -0.7186117905234245
-0.42888168359375123 0.5605935475879433
0.9056756576762606 0.2612018513655251
-0.3401388531522869 0.7326710456180151
-0.9261295823415236 0.23039251103975694
-0.47035364811357083 -0.8019610819998282
0.19125702377413184 0.6504779971830719
-0.8982064876148494 -0.09182159656827571
0.1818379796917705 0.7477899450323687
-0.37834100994519637 0.26106834715513305
-0.507564877701969 0.3352168206888085
-0.7374517297863032 -0.550601432865864
0.5749626834786636 -0.16592604591958302
-0.3026645809821581 -0.4009325260019895
0.006237230138530083 0.1437212741615691
-0.42740820339653207 -0.07691490028075511
0.054601176728126706 0.2740546354599349
-0.00864641126979336 0.01658429788453774
-0.08311664239702779 -0.0729481227544109
0.22377061154579886 -0.9628394066215561
-0.5511295899044952 0.6772173430751338
-0.7976882518803203 0.3995710690496858
0.11762040430561542 0.2183214198582283
-0.21959024624825607 0.6118485597930581
0.1914710906593577 -0.06675092306261482
-0.6295987808133394 0.011125378634876639
0.13556567955499133 0.016102928942194283
-0.5273613863928028 -0.7927073358706634
0.3814603307197526 -0.7173407584396964
0.040081879829259474 -0.16286484559630943
0.244923702637848 -0.5834760464409039
-0.7429167473346611 0.0022810615787868986
-0.35992066604008327 -0.2365327811958318
-0.6331703416017648 -0.1715006786083525
-0.5364045361827895 -0.41839835419425564
-0.8869666262014806 0.42699072981914576
-0.3140925066560009 0.10974307181920501
-0.019409346810644983 0.39423193814953733
0.8119646503470738 0.24827072411034287
-0.5110398755729757 -0.8476727179535939
-0.08040349145645563 -0.40961453645548906
0.21479968037786473 -0.03576797543620321
0.04481295287270731 -0.08920831190834073
0.00233115035373252 0.6338409574508179
-0.6602493287267929 0.006190318945303889
0.5432410338084115 -0.603993133660888
-0.051102874144335134 0.02538012184524462
-0.12798476417666857 -0.3437066574333156
0.14745549565797356 0.1579578880841306
-0.07428579276791251 -0.40598386531679065
-0.14131468585748044 -0.14084675370167213
0.0925736975911972 0.43521627879832925
-0.387898979994884 -0.1854262797805373
0.17296557383294472 0.08170099580710924
-0.008762602145529099 0.19039854642532172
0.6244568353216101 0.18462357733022036
0.41915517824508325 -0.7711032414586153
0.8591889409359041 0.30837804035807137
0.2874526993520762 0.9078469863140513
-0.646935778847146 0.369195747455359
0.5633659744433464 -0.03357242055846267
-0.20263750880988032 0.5392913593244398
-0.5605998204248523 -0.6135928302423476
0.03137132964855724 0.2076771685659065
-0.29542488408856066 -0.10936134965085205
-0.7987334861795263 0.5385739244617567
0.30319233586100236 -0.11613858346124453
-0.5432467276204155 0.04399185888204284
0.4250621531977213 0.2745200987776782
-0.11768236599528356 -0.3847505250016231
0.555096670989484 -0.29268284776109194
0.7021583783882807 0.19382473873576012
-0.3201247436265891 0.19568398954741956
-0.44254088833452787 -0.2382654511414103
0.6934705977995355 0.4213753243595142
0.042420598048134875 0.10158495599893759
0.38979923759868146 -0.905010668517652
-0.8216899161795729 0.46835594291789406
0.09286473544074071 0.6668282752587028
0.054489852919911985 0.06031738049488706
0.06612604663534254 0.02708204566002905
0.18213311688250422 -0.2153396219287035
-0.44306328273758466 -0.2959855837051226
-0.3277970622105526 -0.004575513854406304
0.5779573132168581 0.7162695095764275
0.10075912899503708 0.12287935033523903
-0.12248972277910711 0.6503964216394509
-0.02536881719125446 0.5432000642266971
0.8434990162621457 0.08850228606274167
-0.3430412887041423 -0.06148213371564962
-0.14972397315302924 -0.5528003904680292
0.051230999048280504 -0.9585052257639571
0.10116188252716254 -0.12626156682749867
0.12189096504854681 0.8514934228185423
-0.33998893944017095 0.939903411815246
0.4861869448293059 -0.554983580925618
-0.04524451332536775 -0.0017047848516139755
0.014446849979753354 0.1446410195404489
-0.046110980323949675 -0.9387831759439562
-0.016209482545493134 0.28337312652287094
0.3077503921694567 0.400176911817182
0.9477160524040809 -0.11385072746991319
-0.5577906955123971 0.79109581203473
-0.1275183636753828 0.06533946065423835
-0.6534453228261242 0.33344128504295195
0.13647381804899034 -0.3426612328460462
-0.9129400941500997 -0.3767157338045317
0.2916702599005064 -0.11381785296660522
-0.4051813862986781 -0.04719560826282238
-0.2650451928076585 -0.14515965066579462
-0.4124114374353577 -0.11206866081363503
0.5037956931727806 0.10733437234061843
0.6398598005522228 -0.7170301221633664
0.611579754297847 -0.20437436893115363
-0.11158339504223201 0.593444386940677
-0.5436884448625543 -0.17514173639570602
-0.6419933274883625 -0.33158638521707506
0.45679892741261297 0.612489838327287
0.24308869469992642 -0.3356246596070221
0.11427210766247176 -0.51825307078374
-0.044969018683193106 -0.42038757612133265
-0.19452870806048833 0.9172478014123411
-0.08995709441476431 -0.12539409806018068
0.4134185252952826 -0.6888692576475987
0.19109949905822066 0.13533414696667573
-0.2689885198457144 0.048026893482771726
-0.004677226409703597 -0.41505980736954196
-0.8028876248502317 0.4925989731418715
0.5790987958905451 -0.24184071534141163
-0.29342744773332097 0.3296539988367186
-0.0056468022372421585 -0.013195919570145317
-0.09142506082444947 0.7317092019783856
0.16052647039674744 -0.03109708244164026
0.12582375208767937 -0.1530399885728364
-0.30256269404777714 0.2839013637695086
-0.24630400890522186 -0.8299832315780462
-0.10343729021005016 -0.1986350959038143
0.15203428941491662 0.03444567699993346
0.3634737877219095 -0.09552682121386606
0.150248928825647 -0.9852150263293269
-0.2889695482897212 0.12409894852441254
-0.6012515130312228 -0.7845622490874796
-0.1469392156567689 -0.22333050325371398
0.06070091430681239 0.13075936734527646
-0.1368665776993687 0.6537668067753627
-0.38386516568926127 -0.8699163547723009
0.6214022615460533 0.6948636187221262
0.08748553696344254 -0.011347444386787286
0.06740650609718707 0.1696577983922544
0.2947091119673651 -0.4498638521878379
0.08889113490074614 -0.17811917500390476
-0.25418101466951126 -0.08120265702404536
0.1870200844469026 0.48366087508803074
0.3885430586665086 -0.234005031533598
0.06694884292106106 0.161922800360178
-0.5211680521654326 0.0093688919360188
0.016732272910416814 -0.05634787208135919
-0.20865613699100222 0.09845498113981059
0.6514909028174826 -0.11221511801862488
-0.01591153071524696 0.008523924379446376
-0.5187045212682595 0.22248338502873868
