-0.36115444077854436 0.06521367851025044
0.10246385724480842 -0.944490608733386
-0.385887804023809 0.1986281642582819
0.2694438496915712 -0.6306889683028594
-0.11861468476747855 0.1465184978131775
-0.4570379850751902 -0.8495211352120956
-0.016450541836910103 0.009565565339254596
0.13358375216286653 0.7521071114683673
0.3814169550743635 0.3588996980572652
0.08570749757843886 0.0707045203203163
0.5820177704461921 -0.11081450565723125
-0.520500497395381 0.33530711738611785
-0.6874527741342024 0.5880413330733248
-0.10313505131518826 -0.1545363316998298
-0.5801642801691784 -0.04759267445462336
-0.03362812220368392 -0.4651582663386866
0.07902394024484609 -0.015957992566188278
0.24977364490336673 0.22969337212924618
-0.017494679594257205 0.03547613693166296
-0.2986520319933891 0.18499183133193145
-0.1529187103715463 -0.3196692318249497
-0.0919468805990586 0.0868734347463947
-0.11465164496192003 0.017770338266369107
0.6477071212589874 -0.0537827785566179
-0.06693271141040127 0.09652596310826578
-0.06183568039606454 0.1874639073462673
-0.06339637022131765 -0.062160241538791926
-0.05231031774873365 -0.06822402201619507
0.09884570389333491 -0.11329423535025489
-0.6838450055993718 -0.6347903184088124
-0.6786072537383208 -0.5634384120446231
-0.11595226864288667 0.7419925125445374
-0.6182251362463643 0.2985543592724211
0.5050147072422769 0.12060424394078621
0.26788094944294844 0.5218941396234693
-0.30765369599668385 -0.5725844273292546
-0.4991061905229983 0.8404618698826611
0.492418232408449 -0.1800832543446477
0.02215512385456574 0.9907298483019924
-0.47345319690600396 0.14572497786139238
0.4748173180607831 -0.10130545321208058
-0.6572631547325334 0.17706161080908409
-0.25168682321725033 -0.16516838491785416
-0.3843729345308413 0.07731515991846613
0.395700171266024 -0.5970559788494954
-0.039722613451258944 -0.41033498790968825
0.11386255597142095 -0.28544085365526944
0.14389016825433049 -0.4335762085058361
0.30996774620984613 -0.30629435709197733
-0.11286612477255217 -0.8854333821505901
0.8705901367502281 -0.40788983095097214
-0.18765665364301062 -0.2713596091977737
0.3053186869709762 0.799524261528033
0.11817192809754994 -0.1419168266286511
0.4477907305786019 0.4381019463742507
-0.23750952618091092 -0.8034050103808437
0.1680117593262168 0.28518028648481974
-0.016296255819425152 0.8368282761768739
-0.010611522845091415 0.0690685700458686
-0.025234857573038363 -0.26666136401587964
-0.09507557411642734 -0.01918954979819768
-0.2337771785949946 -0.03270015239145426
-0.1980613537884976 0.1076229533469944
-0.43121180289874234 -0.3456997337396431
-0.145668990250422 -0.6642086368503145
-0.10644338121651653 0.8389115035934691
-0.05586991799638894 0.13457358970822825
0.17214403186625993 -0.12791620266945009
-0.006211589148309453 -0.6481267330504983
1.384552611438291E-5 -0.15198147845927154
-0.06067880122022482 -0.0418980107765414
0.05174454438660295 -0.7685604797743931
-0.3723118803692642 0.24560426877320976
-0.6652653910069264 0.6093327600883696
-0.35725072550178527 0.3479652046926675
0.12320115912915516 -0.21933865477087638
-0.4080178339564125 0.1264101861622853
0.6006113333613042 0.2606644186797217
0.01649620964190547 0.02807180309599709
0.009194206213990648 0.39869508107661417
0.6789549096793704 0.4500904064016652
-0.5488944341181563 0.0805891997294554
-0.4635179343882682 0.12805292456283063
0.8338367482143332 0.47550416134128365
0.6513455758255307 0.26769675185229536
0.20347750919606458 -0.6354742986606625
-0.3925533709557932 0.11307975051590137
0.22186022793983354 -0.7927566853997644
0.573172196448806 -0.3068444772409572
-0.6830233893007851 -0.3074175939327096
-0.3669288627999475 -0.8725100710914631
-0.38303261370620123 0.11601890354457822
-0.8536372421781132 0.0547349969301502
-0.27325504199545286 -0.1402472707286307
-0.22382474534753738 -0.020023099564506538
0.3380479905394235 -0.3338682799798167
-0.31767688856625825 -0.01116633309103554
0.572153596925236 0.143484657703739
0.058011348403197306 -0.16511855896004576
0.6547589792916424 -0.31874448844480646
0.5953510109899706 -0.3254306169312104
-0.36235320884427136 0.12141157853983352
0.008880934870448673 0.2842840785781287
-0.5513650922366765 -0.38405603054548976
-0.5576734590296 0.22588390484047116
0.10566711373468264 -0.27269850071303753
0.38875079595554823 0.2226006209187821
-0.6455871500742772 -0.7544258115406431
0.08692345102367607 0.221363331816534
0.13985469331760383 0.49529894508901284
-0.04318418438915342 0.5854827441775872
0.3506284561352594 -0.44288402950390904
-0.4996656185435037 -0.8058426025601547
0.6209071288509684 -0.49684330768694995
0.020094459968791133 0.28845946701195924
-0.487543267925802 0.6064486054348606
-0.057071150779295296 0.6257535955014836
-0.1774007136997896 0.3236630184247423
0.7423030222166626 -0.153385005863764
-0.012002557480499209 0.03158749611299528
0.09845489068572912 0.18877237336170247
0.18684419283961073 -0.16583410244306485
0.1224577002957426 -0.33301417970223396
0.9044995992553261 0.26320215547787074
-0.19628795079579878 0.5096712203428454
0.530872624188598 0.47112025653208967
-0.4484613401727772 0.5660922884118994
-0.6305570741851149 -0.4242581892407095
-0.4720557745172683 -0.30879751031382113
0.5405668633567922 -0.7927190853074728
-0.524244720486428 0.04401036272836027
0.08721434214902402 -0.05990880593728113
0.5150108824894967 -0.6101202979024586
-0.6769005977757766 0.19363033657074882
0.1721992283930092 0.04149552840752298
-0.20210309808794505 0.20100092058753236
0.5214115399745936 0.2153404171428882
0.6300574988383267 0.46554394216259815
0.25758252636812407 -0.04152375558257612
-0.48913760273203083 0.019313226999282413
-0.46705670280149436 -0.36124263531420636
0.08380333486098225 -0.4386943444477869
0.011979777164401325 -0.001465044833172824
-0.5508549563134403 -0.6331251129485582
0.8771426128228574 0.05746719301971299
-0.2195280911785855 0.06608706691548324
6.285393908872157E-4 -0.2054766022500698
-0.357674366241279 0.40366841172189566
0.014920313594074848 0.10720399820506839
-0.3073309074301075 -0.4687677787794996
-0.43366961917946134 0.037573452551837715
0.07639601496487616 -0.38942698159394523
0.012496919678401087 0.9798597686118515
-0.14126582472037394 0.4702103047431561
-0.08987706974330642 0.12349432586484291
-0.004113455382230286 -0.06006994981232858
0.09125773063220695 -0.07145194368192703
-0.4371289582849914 -0.16771745177061667
0.4411930190120849 -0.4270330703065481
0.3841072283481836 0.03508067679119591
0.1439358582539176 -0.07645473145809219
0.1624144784204431 0.2176325295686378
-0.6104504304426585 -0.4728007247969926
-0.1347786160456567 -0.5667798155395133
0.08167824725988615 -0.24142550635572185
-0.13064958610907373 0.8355437742334519
-0.24128797287416368 0.1429229611056647
-0.34885657146806204 -0.014776448663023443
0.15619111427155763 -0.36243098974251425
0.5957744731907335 0.3690815861433047
-0.4259620479711135 0.5472626466043614
-0.10803626417557124 -0.005271839058163589
-0.14163034450292059 0.21090997177602575
-0.022858182916483928 -6.136555116833185E-4
0.8668492498245219 -0.3903873681974219
0.07009128123995291 -0.10671291554351595
-0.6945360665808644 0.05722584862850109
-0.14336827067876992 -0.118361878707904
0.22132553407609043 0.25740398812929
0.004827283061891277 0.5442866935069359
-0.15296433553034489 0.17059136650225903
0.4752737617948811 0.30848816176943056
-0.23014282549498757 -0.7027201936573703
-0.02012627968173198 0.43726341157448817
0.0781679545223464 -0.5121119497566325
-0.5254151803514296 0.5116321005085492
-0.024556229701036648 0.03890490987524462
0.17633591728350487 -0.9556220146326596
0.5213095367293408 0.07031452822453889
-0.44891209489664424 0.2085969058810472
0.6376154875304718 0.005274550506904049
0.42010919803814106 0.6433251240019318
0.6216496981069923 0.63623713723217
-0.40997597153628906 0.3119126143572131
-0.4162389161250274 0.6738092892553307
0.7106093800486185 0.05565810845990753
-0.13108001828518168 -0.7326474807418984
-0.9459690768096255 -0.16618255528615347
0.4377642752296688 -0.15700672792338166
-0.8091695082026686 0.39400753078643147
